# pointset GolgiPoints from testgl/Granular_Layer.9ML
25.8919440126297 116.301137590766 20.1077500646307
14.7504046791418 178.764458346759 39.5231024927439
7.54911256878568 308.899011194358 24.4263989775345
4.69163799982818 346.876957965791 1.28519733842371
20.7197531214479 423.593765950669 26.9069118284871
8.48300828519536 428.070503903114 36.9230750679886
28.8918504201117 468.952319329384 6.84952238121133
8.57041926427528 470.551546127265 21.5463117934744
8.50293994908262 493.18102491021 14.7075923058199
18.7343566109059 557.300665694949 8.23241365581522
13.9770435166246 594.645966181877 24.4040981141035
15.949434331891 600.161039965427 42.711195956921
11.7880525318553 653.398754274555 27.4667782357362
30.8799335164768 9.64244930001558 19.706967716698
50.0125595421476 101.728957244662 34.2078997171831
63.3252690506818 111.688807296755 5.31358485607742
60.1420998102165 139.089006699818 35.0728001620768
56.9836795481433 174.776732517292 15.4915525058183
34.8190556127218 263.245081283299 24.4328542050709
37.823017949997 277.789376225009 44.3168541540204
51.6265622631265 291.386494953703 46.1809585979868
49.7169844906397 331.568044892479 6.05890234584187
58.0510152669824 442.116697076048 41.391526063893
47.0536072038171 452.719745873039 4.11731390831293
57.2204414784705 628.11360000887 42.4122666524771
40.2725260695502 632.39478924924 47.4246261755152
14.9401715874695 35.0698958813914 47.9680171646132
32.3884884070771 3.69732180132932 62.289101892274
4.1209512302809 43.1609953444256 67.6319369936266
24.5940840333071 79.9006419734064 84.3136025280881
31.1067637640729 121.293330510067 86.916151747503
21.3045844438756 128.243644066252 62.872169891543
18.9196307159921 145.32744642599 48.1730170179953
27.5424621708804 170.701854346398 59.2983306325167
27.3793191034578 193.595291409256 53.6294680920668
24.3271111891107 285.057977079907 72.5594628795726
26.9608204147055 360.87529682702 85.1263535338684
35.1114109720503 450.614534049721 72.7171778986791
12.3113651792242 649.526539962748 62.8412905008066
6.36287004445204 666.965377917425 77.0310313285702
38.9452166688279 395.331579540079 81.4747229144035
43.1282154106244 69.9448175425399 66.1407518905219
47.2930645809123 182.412949451166 76.3711396761721
52.2065865582482 183.52084460117 52.0296219598987
52.27062923701 189.910163526981 76.2408538677278
51.9792944685885 194.63444655777 94.1490237538191
52.1336592485755 218.04293174129 81.2917583337101
54.7313970723064 256.186976180293 93.1155578009117
63.7504315872216 326.24123041689 59.8671859724489
66.031764066205 359.056497242458 48.9347146856978
49.9643549225458 360.272852319618 89.9117918206074
46.7847689819783 447.349356161425 52.9117198375573
49.714395322828 576.737032975696 51.9941132891472
54.2188872890316 675.382722517486 14.9852654083856
7.76535645236617 696.578422170304 39.1372178441447
18.5398537831819 769.220340800708 46.8028537308034
14.6300402624177 775.946825769884 29.1776921107131
11.3050700418979 849.471148466007 35.4290058315884
6.62508339944524 882.728732763514 34.170913117316
9.49046261361105 903.731765199748 14.2384242064752
12.3047750845716 960.845267772674 3.272175477462
1.55158426653686 983.768187010355 10.1928372123215
12.4499347510339 1029.3331278562 16.4026409974791
10.5118880211604 1032.98243680421 37.7515946440991
11.4804842303443 1160.4197536136 5.27397191440403
2.63014721145974 1409.30828646572 31.3501564709536
2.24687964948455 1431.83164702389 13.649000265243
20.3489665072811 1352.40328921107 2.35698525527268
27.3063517979385 679.974272725208 19.010713783098
54.1735512270867 894.076881184799 5.24642751269928
28.2739792782364 908.347792155948 37.8469609024626
40.3277852107056 934.271955828996 14.4692550394795
23.1024833021647 1041.8120357133 45.8900744510916
22.2043528917186 1214.34953554244 9.11820319082854
29.6047342350841 1241.80082404779 23.1328872585287
22.8162633632682 1267.64073318947 32.9180530727194
60.0250501766434 1358.21283782661 27.3493281789438
40.911856001367 1366.06174115484 32.0590185094517
58.1472673558341 1390.89002572286 14.681569531206
22.6322090094171 1443.51396686105 37.4347166523987
9.07898511831038 827.103606309008 46.9308790119476
12.402258691311 721.030090586939 48.7035138079279
4.40467404621622 793.504772269039 54.618645105306
8.08768420749289 801.595921846463 63.5091749437081
17.0588764510619 884.372797822072 76.7547516938617
17.4889239730972 907.630509181475 61.8708625883704
35.0566010035839 917.000519297947 85.5106472907045
33.7793562475174 1082.04015154338 68.2660249017151
16.5157578255791 1197.93291582576 55.3806698900885
9.71801632076484 1243.12722648413 65.840454879621
19.5785087855019 1267.51379200361 81.3458500278464
10.5344463709626 1439.46721489198 65.9497842514684
24.7246045146027 1458.77667063974 76.5542165270755
32.3711594975339 1486.18634383333 68.6210527978186
36.6282519865409 803.832810360691 82.9943308548643
45.4957023762265 725.837956992583 61.9963289644195
37.4457960879708 755.302160516708 72.4123355593306
54.6567602949125 759.081948553289 65.1677689483209
61.7413974100854 864.823043663205 59.075987692248
66.3410749309004 1031.91956538154 98.5697536028645
46.8585601750119 1141.43421875589 88.4120277030972
37.0406959749491 1148.18963909536 58.7289912275141
55.9390734612589 1233.69950865515 65.0067274850196
40.0598959323762 1258.10805518286 47.7150637478865
43.024573413023 1304.67762659577 66.7886653531659
52.2426842073543 1445.31717009365 64.5746781851342
52.4123074121875 1497.8800216406 71.6259118416308
66.6928271627417 414.423670894929 4.17424744380279
79.9029120835905 97.6131585857903 19.6964426597446
100.916106732692 118.583229607396 21.7955205582966
82.8251750204516 178.840041276184 9.81187979169235
96.4481401903985 212.251136587785 21.0483464067421
67.3382635502765 221.25458805878 31.4823284162887
89.0572396470773 223.272037339044 11.5575260246575
83.6163269656436 232.822119606062 14.4817691306507
72.9543595556619 431.899426667196 10.941143950238
78.9656532646321 513.697767828982 19.7769607752787
96.1833738769119 596.916948410621 34.008883095135
100.065526330638 674.245474091825 19.2483241702553
67.5383251443755 724.582778164412 30.2982137889713
74.2806244941424 760.956295612753 4.16784307912892
106.60990104347 576.340414122646 39.7126870668122
147.515367156866 7.53738558861079 10.3025972685277
111.945039523512 121.449079225892 36.9422947884864
131.589782549292 125.213905289677 25.1088482068841
149.615599867446 152.055041305443 0.404900564040765
116.603687716006 165.716570870511 10.7255247214346
127.049437339617 210.980218754915 36.7028355900806
127.057726313361 368.976313074338 15.3710791950975
128.481028024263 423.024573073242 10.0121410313169
136.537816753419 508.287416088723 15.5342180810614
146.134627600409 689.046137832198 27.2920665320081
140.848895316409 698.6443897186 15.7020361172216
112.744685863685 777.471667587625 36.8189484679317
88.5761706042565 382.696229583504 40.6384235672116
91.2051454601182 0.79321675391415 83.0607263034857
113.746235774848 75.1785444950747 71.3380827659642
111.718584417548 179.478783658904 52.0197284135875
100.79656219207 250.708804650084 95.2360618646829
89.9165845645391 267.370899855215 86.2822347943264
114.027978190295 298.021954041943 46.375274274829
103.249107513325 431.90166145087 56.7583512892708
101.344764415587 443.56020465874 87.3462009639568
112.523422290484 519.734160222816 50.6112148470322
95.3491102195279 617.895142288119 90.5353917850878
106.406408673935 642.90271852843 41.8911885874638
113.655418667713 739.872450370215 71.7280482531353
107.351172405417 758.638982966273 64.192295348703
119.370617059269 625.542160595577 89.2923700797461
127.911687393118 67.7567441602637 48.3412567195248
136.773951018883 190.087514429861 51.4342029952024
143.879894931487 193.340322865212 40.6507548790463
123.833642010632 243.018718504124 53.4819544791946
124.959098524523 274.573982914477 87.0772251598939
140.445436330189 347.750021403082 55.0911486019553
145.105241799404 352.196326366946 66.8904298846575
128.795390968595 495.404479723106 46.467337304814
142.415118303425 518.217716968793 68.7406206616116
130.706577662497 570.461044284603 78.7959283383543
120.989069724249 588.663699697546 61.0707011926832
129.575509056473 595.118548244744 68.2033225164489
83.9700924907186 782.085668807267 77.0551813958936
106.660045534711 821.96293813951 29.7964816481535
89.6355864862974 847.17817373738 27.6577305778146
83.0739720465841 894.576259064413 2.23255056576656
99.6127526126814 940.103513940406 32.6695320326984
90.8304961749375 1107.06003645226 40.2299766862463
78.114282141354 1136.57242080268 37.6537632820442
78.8198862705855 1171.27917820304 44.6819284057946
81.2898956344777 1246.80788353563 16.6880388954836
76.8155520261588 1266.92622556268 30.1276349616346
81.8339937013839 1327.42130756471 15.0446955112598
96.2579085779781 1402.18833384543 17.1013533671504
92.2848054879103 1413.24934928325 14.3489406784272
70.8689684087221 1429.86162506276 16.4359310529675
111.132925765057 1186.93588658452 39.6856103006279
149.145723338691 836.560139217634 43.7259015543635
122.498591349281 852.524663232594 10.4686313003556
124.959006507772 905.212810823742 13.0882088369484
134.747361880999 923.980152959254 17.8735554684339
147.411287181632 927.078520879214 30.1069258630781
129.662582873418 1145.50199024843 41.9286527015317
140.304663382179 1241.57388911247 38.0056746181249
125.278101777294 1317.39878281391 16.0821507016511
128.591170777664 1342.65143233508 5.281238833729
128.865673546202 1376.91870855589 8.99342193928169
145.705465272746 1433.60976163228 14.6126487415221
117.646937380142 1444.08220432827 4.28309554259849
123.125230835411 965.190315254558 47.5684955250411
89.2284752228294 901.678425485279 76.8384792301427
71.6435176249205 925.862240635398 81.0494613063274
71.5656164873752 940.848749635884 80.3671913448142
94.7498315651594 1037.08389069127 84.8183208744663
94.6113151466789 1136.65405904876 52.059020570947
83.9576944253349 1191.56895954584 89.0697184866334
97.9019068202916 1197.90031102606 57.704239556194
87.5995881849098 1274.67679262832 75.9343631526146
78.6341595323095 1318.46371260641 50.2726389258703
82.3541148126419 1326.04827355816 94.9187536876154
92.0558330326892 1332.39322776178 75.1057078486803
74.9488900573432 1467.64037402225 97.2024194442784
100.491585800318 793.732529517998 71.1518284477491
106.79181638616 837.520764096075 70.8672778270587
147.049252155461 900.445659551214 57.2513672215164
141.924006744509 939.274556940369 53.5346568827347
129.240649564477 959.084818071395 64.1400946577619
133.944247108747 971.242482277321 84.1614870814999
103.478771885885 1076.77775733906 55.1091466314271
134.744055200055 1168.3681233557 55.1199092754649
138.142237588089 1231.05222774437 57.2166984686116
147.716560793859 1264.28182657311 71.1736030326247
109.246416949294 1374.61158309876 52.8722534180921
114.187457501228 1420.44390572222 71.3046835856313
125.155725418638 1427.3816400019 85.9575565439378
