# pointset MossyFibersGrid from testgl/Granular_Layer.9ML
8.33333333333333 8.33333333333333 50.0
8.33333333333333 25.0 50.0
8.33333333333333 41.6666666666667 50.0
8.33333333333333 58.3333333333333 50.0
8.33333333333333 75.0 50.0
8.33333333333333 91.6666666666667 50.0
25.0 8.33333333333333 50.0
25.0 25.0 50.0
25.0 41.6666666666667 50.0
25.0 58.3333333333333 50.0
25.0 75.0 50.0
25.0 91.6666666666667 50.0
8.33333333333333 108.333333333333 50.0
8.33333333333333 125.0 50.0
8.33333333333333 141.666666666667 50.0
8.33333333333333 158.333333333333 50.0
8.33333333333333 175.0 50.0
8.33333333333333 191.666666666667 50.0
8.33333333333333 208.333333333333 50.0
25.0 108.333333333333 50.0
25.0 125.0 50.0
25.0 141.666666666667 50.0
25.0 158.333333333333 50.0
25.0 175.0 50.0
25.0 191.666666666667 50.0
25.0 208.333333333333 50.0
8.33333333333333 225.0 50.0
8.33333333333333 241.666666666667 50.0
8.33333333333333 258.333333333333 50.0
8.33333333333333 275.0 50.0
8.33333333333333 291.666666666667 50.0
8.33333333333333 308.333333333333 50.0
25.0 225.0 50.0
25.0 241.666666666667 50.0
25.0 258.333333333333 50.0
25.0 275.0 50.0
25.0 291.666666666667 50.0
25.0 308.333333333333 50.0
8.33333333333333 325.0 50.0
8.33333333333333 341.666666666667 50.0
8.33333333333333 358.333333333333 50.0
8.33333333333333 375.0 50.0
8.33333333333333 391.666666666667 50.0
8.33333333333333 408.333333333333 50.0
8.33333333333333 425.0 50.0
25.0 325.0 50.0
25.0 341.666666666667 50.0
25.0 358.333333333333 50.0
25.0 375.0 50.0
25.0 391.666666666667 50.0
25.0 408.333333333333 50.0
41.6666666666667 8.33333333333333 50.0
41.6666666666667 25.0 50.0
41.6666666666667 41.6666666666667 50.0
41.6666666666667 58.3333333333333 50.0
41.6666666666667 75.0 50.0
41.6666666666667 91.6666666666667 50.0
58.3333333333333 8.33333333333333 50.0
58.3333333333333 25.0 50.0
58.3333333333333 41.6666666666667 50.0
58.3333333333333 58.3333333333333 50.0
58.3333333333333 75.0 50.0
58.3333333333333 91.6666666666667 50.0
41.6666666666667 108.333333333333 50.0
41.6666666666667 125.0 50.0
41.6666666666667 141.666666666667 50.0
41.6666666666667 158.333333333333 50.0
41.6666666666667 175.0 50.0
41.6666666666667 191.666666666667 50.0
41.6666666666667 208.333333333333 50.0
58.3333333333333 108.333333333333 50.0
58.3333333333333 125.0 50.0
58.3333333333333 141.666666666667 50.0
58.3333333333333 158.333333333333 50.0
58.3333333333333 175.0 50.0
58.3333333333333 191.666666666667 50.0
58.3333333333333 208.333333333333 50.0
41.6666666666667 225.0 50.0
41.6666666666667 241.666666666667 50.0
41.6666666666667 258.333333333333 50.0
41.6666666666667 275.0 50.0
41.6666666666667 291.666666666667 50.0
41.6666666666667 308.333333333333 50.0
58.3333333333333 225.0 50.0
58.3333333333333 241.666666666667 50.0
58.3333333333333 258.333333333333 50.0
58.3333333333333 275.0 50.0
58.3333333333333 291.666666666667 50.0
58.3333333333333 308.333333333333 50.0
41.6666666666667 325.0 50.0
41.6666666666667 341.666666666667 50.0
41.6666666666667 358.333333333333 50.0
41.6666666666667 375.0 50.0
41.6666666666667 391.666666666667 50.0
41.6666666666667 408.333333333333 50.0
58.3333333333333 325.0 50.0
58.3333333333333 341.666666666667 50.0
58.3333333333333 358.333333333333 50.0
58.3333333333333 375.0 50.0
58.3333333333333 391.666666666667 50.0
58.3333333333333 408.333333333333 50.0
25.0 425.0 50.0
8.33333333333333 441.666666666667 50.0
8.33333333333333 458.333333333334 50.0
8.33333333333333 475.0 50.0
8.33333333333333 491.666666666667 50.0
8.33333333333333 508.333333333334 50.0
25.0 441.666666666667 50.0
25.0 458.333333333334 50.0
25.0 475.0 50.0
25.0 491.666666666667 50.0
25.0 508.333333333334 50.0
41.6666666666667 425.0 50.0
41.6666666666667 441.666666666667 50.0
8.33333333333333 525.0 50.0
8.33333333333333 541.666666666667 50.0
8.33333333333333 558.333333333333 50.0
8.33333333333333 575.0 50.0
8.33333333333333 591.666666666667 50.0
8.33333333333333 608.333333333333 50.0
8.33333333333333 625.0 50.0
25.0 525.0 50.0
25.0 541.666666666667 50.0
25.0 558.333333333333 50.0
25.0 575.0 50.0
25.0 591.666666666667 50.0
25.0 608.333333333333 50.0
25.0 625.0 50.0
8.33333333333333 641.666666666667 50.0
8.33333333333333 658.333333333333 50.0
8.33333333333333 675.0 50.0
8.33333333333333 691.666666666667 50.0
8.33333333333333 708.333333333333 50.0
8.33333333333333 725.0 50.0
25.0 641.666666666667 50.0
25.0 658.333333333333 50.0
25.0 675.0 50.0
25.0 691.666666666667 50.0
25.0 708.333333333333 50.0
25.0 725.0 50.0
8.33333333333333 741.666666666666 50.0
8.33333333333333 758.333333333333 50.0
8.33333333333333 775.0 50.0
8.33333333333333 791.666666666666 50.0
8.33333333333333 808.333333333333 50.0
8.33333333333333 825.0 50.0
25.0 741.666666666666 50.0
25.0 758.333333333333 50.0
25.0 775.0 50.0
25.0 791.666666666666 50.0
25.0 808.333333333333 50.0
25.0 825.0 50.0
41.6666666666667 458.333333333334 50.0
41.6666666666667 475.0 50.0
41.6666666666667 491.666666666667 50.0
41.6666666666667 508.333333333334 50.0
41.6666666666667 525.0 50.0
41.6666666666667 541.666666666667 50.0
58.3333333333333 425.0 50.0
58.3333333333333 441.666666666667 50.0
58.3333333333333 458.333333333334 50.0
58.3333333333333 475.0 50.0
58.3333333333333 491.666666666667 50.0
58.3333333333333 508.333333333334 50.0
58.3333333333333 525.0 50.0
58.3333333333333 541.666666666667 50.0
41.6666666666667 558.333333333333 50.0
41.6666666666667 575.0 50.0
41.6666666666667 591.666666666667 50.0
41.6666666666667 608.333333333333 50.0
41.6666666666667 625.0 50.0
41.6666666666667 641.666666666667 50.0
58.3333333333333 558.333333333333 50.0
58.3333333333333 575.0 50.0
58.3333333333333 591.666666666667 50.0
58.3333333333333 608.333333333333 50.0
58.3333333333333 625.0 50.0
58.3333333333333 641.666666666667 50.0
41.6666666666667 658.333333333333 50.0
41.6666666666667 675.0 50.0
41.6666666666667 691.666666666667 50.0
41.6666666666667 708.333333333333 50.0
41.6666666666667 725.0 50.0
41.6666666666667 741.666666666666 50.0
58.3333333333333 658.333333333333 50.0
58.3333333333333 675.0 50.0
58.3333333333333 691.666666666667 50.0
58.3333333333333 708.333333333333 50.0
58.3333333333333 725.0 50.0
58.3333333333333 741.666666666666 50.0
41.6666666666667 758.333333333333 50.0
41.6666666666667 775.0 50.0
41.6666666666667 791.666666666666 50.0
41.6666666666667 808.333333333333 50.0
58.3333333333333 758.333333333333 50.0
58.3333333333333 775.0 50.0
58.3333333333333 791.666666666666 50.0
58.3333333333333 808.333333333333 50.0
75.0 758.333333333333 50.0
75.0 775.0 50.0
75.0 791.666666666666 50.0
75.0 808.333333333333 50.0
41.6666666666667 825.0 50.0
8.33333333333333 841.666666666666 50.0
8.33333333333333 858.333333333333 50.0
8.33333333333333 874.999999999999 50.0
8.33333333333333 891.666666666666 50.0
25.0 841.666666666666 50.0
25.0 858.333333333333 50.0
25.0 874.999999999999 50.0
25.0 891.666666666666 50.0
41.6666666666667 841.666666666666 50.0
41.6666666666667 858.333333333333 50.0
41.6666666666667 874.999999999999 50.0
41.6666666666667 891.666666666666 50.0
8.33333333333333 908.333333333333 50.0
8.33333333333333 924.999999999999 50.0
8.33333333333333 941.666666666666 50.0
8.33333333333333 958.333333333333 50.0
8.33333333333333 974.999999999999 50.0
25.0 908.333333333333 50.0
25.0 924.999999999999 50.0
25.0 941.666666666666 50.0
25.0 958.333333333333 50.0
41.6666666666667 908.333333333333 50.0
41.6666666666667 924.999999999999 50.0
41.6666666666667 941.666666666666 50.0
41.6666666666667 958.333333333333 50.0
25.0 974.999999999999 50.0
8.33333333333333 991.666666666666 50.0
8.33333333333333 1008.33333333333 50.0
8.33333333333333 1025.0 50.0
8.33333333333333 1041.66666666667 50.0
8.33333333333333 1058.33333333333 50.0
25.0 991.666666666666 50.0
25.0 1008.33333333333 50.0
25.0 1025.0 50.0
25.0 1041.66666666667 50.0
25.0 1058.33333333333 50.0
41.6666666666667 974.999999999999 50.0
41.6666666666667 991.666666666666 50.0
8.33333333333333 1075.0 50.0
8.33333333333333 1091.66666666667 50.0
8.33333333333333 1108.33333333333 50.0
8.33333333333333 1125.0 50.0
8.33333333333333 1141.66666666667 50.0
8.33333333333333 1158.33333333333 50.0
25.0 1075.0 50.0
25.0 1091.66666666667 50.0
25.0 1108.33333333333 50.0
25.0 1125.0 50.0
25.0 1141.66666666667 50.0
25.0 1158.33333333333 50.0
41.6666666666667 1008.33333333333 50.0
58.3333333333333 825.0 50.0
58.3333333333333 841.666666666666 50.0
58.3333333333333 858.333333333333 50.0
58.3333333333333 874.999999999999 50.0
58.3333333333333 891.666666666666 50.0
58.3333333333333 908.333333333333 50.0
75.0 825.0 50.0
75.0 841.666666666666 50.0
75.0 858.333333333333 50.0
75.0 874.999999999999 50.0
75.0 891.666666666666 50.0
75.0 908.333333333333 50.0
58.3333333333333 924.999999999999 50.0
41.6666666666667 1025.0 50.0
58.3333333333333 941.666666666666 50.0
58.3333333333333 958.333333333333 50.0
58.3333333333333 974.999999999999 50.0
58.3333333333333 991.666666666666 50.0
58.3333333333333 1008.33333333333 50.0
75.0 924.999999999999 50.0
75.0 941.666666666666 50.0
75.0 958.333333333333 50.0
75.0 974.999999999999 50.0
75.0 991.666666666666 50.0
75.0 1008.33333333333 50.0
58.3333333333333 1025.0 50.0
41.6666666666667 1041.66666666667 50.0
41.6666666666667 1058.33333333333 50.0
41.6666666666667 1075.0 50.0
41.6666666666667 1091.66666666667 50.0
58.3333333333333 1041.66666666667 50.0
58.3333333333333 1058.33333333333 50.0
58.3333333333333 1075.0 50.0
58.3333333333333 1091.66666666667 50.0
75.0 1025.0 50.0
75.0 1041.66666666667 50.0
75.0 1058.33333333333 50.0
75.0 1075.0 50.0
75.0 1091.66666666667 50.0
41.6666666666667 1108.33333333333 50.0
41.6666666666667 1125.0 50.0
41.6666666666667 1141.66666666667 50.0
41.6666666666667 1158.33333333333 50.0
58.3333333333333 1108.33333333333 50.0
58.3333333333333 1125.0 50.0
58.3333333333333 1141.66666666667 50.0
58.3333333333333 1158.33333333333 50.0
75.0 1108.33333333333 50.0
75.0 1125.0 50.0
75.0 1141.66666666667 50.0
75.0 1158.33333333333 50.0
8.33333333333333 1175.0 50.0
8.33333333333333 1191.66666666667 50.0
8.33333333333333 1208.33333333333 50.0
8.33333333333333 1225.0 50.0
25.0 1175.0 50.0
25.0 1191.66666666667 50.0
25.0 1208.33333333333 50.0
25.0 1225.0 50.0
41.6666666666667 1175.0 50.0
41.6666666666667 1191.66666666667 50.0
41.6666666666667 1208.33333333333 50.0
41.6666666666667 1225.0 50.0
8.33333333333333 1241.66666666667 50.0
8.33333333333333 1258.33333333333 50.0
8.33333333333333 1275.0 50.0
8.33333333333333 1291.66666666667 50.0
8.33333333333333 1308.33333333333 50.0
25.0 1241.66666666667 50.0
25.0 1258.33333333333 50.0
25.0 1275.0 50.0
25.0 1291.66666666667 50.0
41.6666666666667 1241.66666666667 50.0
41.6666666666667 1258.33333333333 50.0
41.6666666666667 1275.0 50.0
41.6666666666667 1291.66666666667 50.0
25.0 1308.33333333333 50.0
8.33333333333333 1325.0 50.0
8.33333333333333 1341.66666666667 50.0
8.33333333333333 1358.33333333333 50.0
8.33333333333333 1375.0 50.0
8.33333333333333 1391.66666666667 50.0
25.0 1325.0 50.0
25.0 1341.66666666667 50.0
25.0 1358.33333333333 50.0
25.0 1375.0 50.0
25.0 1391.66666666667 50.0
41.6666666666667 1308.33333333333 50.0
41.6666666666667 1325.0 50.0
8.33333333333333 1408.33333333333 50.0
8.33333333333333 1425.0 50.0
8.33333333333333 1441.66666666667 50.0
8.33333333333333 1458.33333333333 50.0
8.33333333333333 1475.0 50.0
8.33333333333333 1491.66666666667 50.0
25.0 1408.33333333333 50.0
25.0 1425.0 50.0
25.0 1441.66666666667 50.0
25.0 1458.33333333333 50.0
25.0 1475.0 50.0
25.0 1491.66666666667 50.0
41.6666666666667 1341.66666666667 50.0
58.3333333333333 1175.0 50.0
58.3333333333333 1191.66666666667 50.0
58.3333333333333 1208.33333333333 50.0
58.3333333333333 1225.0 50.0
58.3333333333333 1241.66666666667 50.0
58.3333333333333 1258.33333333333 50.0
75.0 1175.0 50.0
75.0 1191.66666666667 50.0
75.0 1208.33333333333 50.0
75.0 1225.0 50.0
75.0 1241.66666666667 50.0
75.0 1258.33333333333 50.0
58.3333333333333 1275.0 50.0
41.6666666666667 1358.33333333333 50.0
58.3333333333333 1291.66666666667 50.0
58.3333333333333 1308.33333333333 50.0
58.3333333333333 1325.0 50.0
58.3333333333333 1341.66666666667 50.0
58.3333333333333 1358.33333333333 50.0
75.0 1275.0 50.0
75.0 1291.66666666667 50.0
75.0 1308.33333333333 50.0
75.0 1325.0 50.0
75.0 1341.66666666667 50.0
75.0 1358.33333333333 50.0
41.6666666666667 1375.0 50.0
41.6666666666667 1391.66666666667 50.0
41.6666666666667 1408.33333333333 50.0
41.6666666666667 1425.0 50.0
58.3333333333333 1375.0 50.0
58.3333333333333 1391.66666666667 50.0
58.3333333333333 1408.33333333333 50.0
58.3333333333333 1425.0 50.0
75.0 1375.0 50.0
75.0 1391.66666666667 50.0
75.0 1408.33333333333 50.0
75.0 1425.0 50.0
41.6666666666667 1441.66666666667 50.0
41.6666666666667 1458.33333333333 50.0
41.6666666666667 1475.0 50.0
41.6666666666667 1491.66666666667 50.0
58.3333333333333 1441.66666666667 50.0
58.3333333333333 1458.33333333333 50.0
58.3333333333333 1475.0 50.0
58.3333333333333 1491.66666666667 50.0
75.0 1441.66666666667 50.0
75.0 1458.33333333333 50.0
75.0 1475.0 50.0
75.0 1491.66666666667 50.0
75.0 741.666666666666 50.0
75.0 8.33333333333333 50.0
75.0 25.0 50.0
75.0 41.6666666666667 50.0
75.0 58.3333333333333 50.0
91.6666666666667 8.33333333333333 50.0
91.6666666666667 25.0 50.0
91.6666666666667 41.6666666666667 50.0
91.6666666666667 58.3333333333333 50.0
108.333333333333 8.33333333333333 50.0
108.333333333333 25.0 50.0
108.333333333333 41.6666666666667 50.0
108.333333333333 58.3333333333333 50.0
75.0 75.0 50.0
75.0 91.6666666666667 50.0
75.0 108.333333333333 50.0
75.0 125.0 50.0
75.0 141.666666666667 50.0
91.6666666666667 75.0 50.0
91.6666666666667 91.6666666666667 50.0
91.6666666666667 108.333333333333 50.0
91.6666666666667 125.0 50.0
108.333333333333 75.0 50.0
108.333333333333 91.6666666666667 50.0
108.333333333333 108.333333333333 50.0
108.333333333333 125.0 50.0
91.6666666666667 141.666666666667 50.0
75.0 158.333333333333 50.0
75.0 175.0 50.0
75.0 191.666666666667 50.0
75.0 208.333333333333 50.0
75.0 225.0 50.0
75.0 241.666666666667 50.0
91.6666666666667 158.333333333333 50.0
91.6666666666667 175.0 50.0
91.6666666666667 191.666666666667 50.0
91.6666666666667 208.333333333333 50.0
91.6666666666667 225.0 50.0
108.333333333333 141.666666666667 50.0
91.6666666666667 241.666666666667 50.0
75.0 258.333333333333 50.0
75.0 275.0 50.0
75.0 291.666666666667 50.0
75.0 308.333333333333 50.0
75.0 325.0 50.0
75.0 341.666666666667 50.0
91.6666666666667 258.333333333333 50.0
91.6666666666667 275.0 50.0
91.6666666666667 291.666666666667 50.0
91.6666666666667 308.333333333333 50.0
91.6666666666667 325.0 50.0
108.333333333333 158.333333333333 50.0
125.0 8.33333333333333 50.0
125.0 25.0 50.0
125.0 41.6666666666667 50.0
125.0 58.3333333333333 50.0
125.0 75.0 50.0
125.0 91.6666666666667 50.0
141.666666666667 8.33333333333333 50.0
141.666666666667 25.0 50.0
141.666666666667 41.6666666666667 50.0
141.666666666667 58.3333333333333 50.0
141.666666666667 75.0 50.0
141.666666666667 91.6666666666667 50.0
125.0 108.333333333333 50.0
108.333333333333 175.0 50.0
108.333333333333 191.666666666667 50.0
125.0 125.0 50.0
125.0 141.666666666667 50.0
125.0 158.333333333333 50.0
125.0 175.0 50.0
125.0 191.666666666667 50.0
141.666666666667 108.333333333333 50.0
141.666666666667 125.0 50.0
141.666666666667 141.666666666667 50.0
141.666666666667 158.333333333333 50.0
141.666666666667 175.0 50.0
141.666666666667 191.666666666667 50.0
108.333333333333 208.333333333333 50.0
108.333333333333 225.0 50.0
108.333333333333 241.666666666667 50.0
108.333333333333 258.333333333333 50.0
125.0 208.333333333333 50.0
125.0 225.0 50.0
125.0 241.666666666667 50.0
125.0 258.333333333333 50.0
141.666666666667 208.333333333333 50.0
141.666666666667 225.0 50.0
141.666666666667 241.666666666667 50.0
141.666666666667 258.333333333333 50.0
108.333333333333 275.0 50.0
108.333333333333 291.666666666667 50.0
108.333333333333 308.333333333333 50.0
108.333333333333 325.0 50.0
125.0 275.0 50.0
125.0 291.666666666667 50.0
125.0 308.333333333333 50.0
125.0 325.0 50.0
141.666666666667 275.0 50.0
141.666666666667 291.666666666667 50.0
141.666666666667 308.333333333333 50.0
141.666666666667 325.0 50.0
91.6666666666667 341.666666666667 50.0
75.0 358.333333333333 50.0
75.0 375.0 50.0
75.0 391.666666666667 50.0
75.0 408.333333333333 50.0
91.6666666666667 358.333333333333 50.0
91.6666666666667 375.0 50.0
91.6666666666667 391.666666666667 50.0
91.6666666666667 408.333333333333 50.0
108.333333333333 341.666666666667 50.0
108.333333333333 358.333333333333 50.0
108.333333333333 375.0 50.0
108.333333333333 391.666666666667 50.0
108.333333333333 408.333333333333 50.0
75.0 425.0 50.0
75.0 441.666666666667 50.0
75.0 458.333333333334 50.0
75.0 475.0 50.0
91.6666666666667 425.0 50.0
91.6666666666667 441.666666666667 50.0
91.6666666666667 458.333333333334 50.0
91.6666666666667 475.0 50.0
108.333333333333 425.0 50.0
108.333333333333 441.666666666667 50.0
108.333333333333 458.333333333334 50.0
108.333333333333 475.0 50.0
75.0 491.666666666667 50.0
75.0 508.333333333334 50.0
75.0 525.0 50.0
75.0 541.666666666667 50.0
75.0 558.333333333333 50.0
75.0 575.0 50.0
91.6666666666667 491.666666666667 50.0
91.6666666666667 508.333333333334 50.0
91.6666666666667 525.0 50.0
91.6666666666667 541.666666666667 50.0
91.6666666666667 558.333333333333 50.0
91.6666666666667 575.0 50.0
108.333333333333 491.666666666667 50.0
75.0 591.666666666667 50.0
75.0 608.333333333333 50.0
75.0 625.0 50.0
75.0 641.666666666667 50.0
75.0 658.333333333333 50.0
75.0 675.0 50.0
91.6666666666667 591.666666666667 50.0
91.6666666666667 608.333333333333 50.0
91.6666666666667 625.0 50.0
91.6666666666667 641.666666666667 50.0
91.6666666666667 658.333333333333 50.0
91.6666666666667 675.0 50.0
108.333333333333 508.333333333334 50.0
125.0 341.666666666667 50.0
125.0 358.333333333333 50.0
125.0 375.0 50.0
125.0 391.666666666667 50.0
125.0 408.333333333333 50.0
125.0 425.0 50.0
141.666666666667 341.666666666667 50.0
141.666666666667 358.333333333333 50.0
141.666666666667 375.0 50.0
141.666666666667 391.666666666667 50.0
141.666666666667 408.333333333333 50.0
141.666666666667 425.0 50.0
125.0 441.666666666667 50.0
108.333333333333 525.0 50.0
125.0 458.333333333334 50.0
125.0 475.0 50.0
125.0 491.666666666667 50.0
125.0 508.333333333334 50.0
125.0 525.0 50.0
141.666666666667 441.666666666667 50.0
141.666666666667 458.333333333334 50.0
141.666666666667 475.0 50.0
141.666666666667 491.666666666667 50.0
141.666666666667 508.333333333334 50.0
141.666666666667 525.0 50.0
108.333333333333 541.666666666667 50.0
108.333333333333 558.333333333333 50.0
108.333333333333 575.0 50.0
108.333333333333 591.666666666667 50.0
125.0 541.666666666667 50.0
125.0 558.333333333333 50.0
125.0 575.0 50.0
125.0 591.666666666667 50.0
141.666666666667 541.666666666667 50.0
141.666666666667 558.333333333333 50.0
141.666666666667 575.0 50.0
141.666666666667 591.666666666667 50.0
108.333333333333 608.333333333333 50.0
108.333333333333 625.0 50.0
108.333333333333 641.666666666667 50.0
108.333333333333 658.333333333333 50.0
125.0 608.333333333333 50.0
125.0 625.0 50.0
125.0 641.666666666667 50.0
125.0 658.333333333333 50.0
141.666666666667 608.333333333333 50.0
141.666666666667 625.0 50.0
141.666666666667 641.666666666667 50.0
141.666666666667 658.333333333333 50.0
108.333333333333 675.0 50.0
75.0 691.666666666667 50.0
75.0 708.333333333333 50.0
75.0 725.0 50.0
91.6666666666667 691.666666666667 50.0
91.6666666666667 708.333333333333 50.0
91.6666666666667 725.0 50.0
91.6666666666667 741.666666666666 50.0
91.6666666666667 758.333333333333 50.0
108.333333333333 691.666666666667 50.0
108.333333333333 708.333333333333 50.0
108.333333333333 725.0 50.0
108.333333333333 741.666666666666 50.0
108.333333333333 758.333333333333 50.0
91.6666666666667 775.0 50.0
91.6666666666667 791.666666666666 50.0
91.6666666666667 808.333333333333 50.0
91.6666666666667 825.0 50.0
91.6666666666667 841.666666666666 50.0
91.6666666666667 858.333333333333 50.0
108.333333333333 775.0 50.0
108.333333333333 791.666666666666 50.0
108.333333333333 808.333333333333 50.0
108.333333333333 825.0 50.0
108.333333333333 841.666666666666 50.0
108.333333333333 858.333333333333 50.0
91.6666666666667 874.999999999999 50.0
91.6666666666667 891.666666666666 50.0
91.6666666666667 908.333333333333 50.0
91.6666666666667 924.999999999999 50.0
91.6666666666667 941.666666666666 50.0
91.6666666666667 958.333333333333 50.0
91.6666666666667 974.999999999999 50.0
108.333333333333 874.999999999999 50.0
108.333333333333 891.666666666666 50.0
108.333333333333 908.333333333333 50.0
108.333333333333 924.999999999999 50.0
108.333333333333 941.666666666666 50.0
108.333333333333 958.333333333333 50.0
108.333333333333 974.999999999999 50.0
91.6666666666667 991.666666666666 50.0
91.6666666666667 1008.33333333333 50.0
91.6666666666667 1025.0 50.0
91.6666666666667 1041.66666666667 50.0
91.6666666666667 1058.33333333333 50.0
91.6666666666667 1075.0 50.0
108.333333333333 991.666666666666 50.0
108.333333333333 1008.33333333333 50.0
108.333333333333 1025.0 50.0
108.333333333333 1041.66666666667 50.0
108.333333333333 1058.33333333333 50.0
108.333333333333 1075.0 50.0
125.0 675.0 50.0
125.0 691.666666666667 50.0
125.0 708.333333333333 50.0
125.0 725.0 50.0
125.0 741.666666666666 50.0
125.0 758.333333333333 50.0
141.666666666667 675.0 50.0
141.666666666667 691.666666666667 50.0
141.666666666667 708.333333333333 50.0
141.666666666667 725.0 50.0
141.666666666667 741.666666666666 50.0
141.666666666667 758.333333333333 50.0
125.0 775.0 50.0
125.0 791.666666666666 50.0
125.0 808.333333333333 50.0
125.0 825.0 50.0
125.0 841.666666666666 50.0
125.0 858.333333333333 50.0
141.666666666667 775.0 50.0
141.666666666667 791.666666666666 50.0
141.666666666667 808.333333333333 50.0
141.666666666667 825.0 50.0
141.666666666667 841.666666666666 50.0
141.666666666667 858.333333333333 50.0
125.0 874.999999999999 50.0
125.0 891.666666666666 50.0
125.0 908.333333333333 50.0
125.0 924.999999999999 50.0
125.0 941.666666666666 50.0
125.0 958.333333333333 50.0
125.0 974.999999999999 50.0
141.666666666667 874.999999999999 50.0
141.666666666667 891.666666666666 50.0
141.666666666667 908.333333333333 50.0
141.666666666667 924.999999999999 50.0
141.666666666667 941.666666666666 50.0
141.666666666667 958.333333333333 50.0
141.666666666667 974.999999999999 50.0
125.0 991.666666666666 50.0
125.0 1008.33333333333 50.0
125.0 1025.0 50.0
125.0 1041.66666666667 50.0
125.0 1058.33333333333 50.0
125.0 1075.0 50.0
141.666666666667 991.666666666666 50.0
141.666666666667 1008.33333333333 50.0
141.666666666667 1025.0 50.0
141.666666666667 1041.66666666667 50.0
141.666666666667 1058.33333333333 50.0
141.666666666667 1075.0 50.0
91.6666666666667 1091.66666666667 50.0
91.6666666666667 1108.33333333333 50.0
91.6666666666667 1125.0 50.0
91.6666666666667 1141.66666666667 50.0
91.6666666666667 1158.33333333333 50.0
91.6666666666667 1175.0 50.0
108.333333333333 1091.66666666667 50.0
108.333333333333 1108.33333333333 50.0
108.333333333333 1125.0 50.0
108.333333333333 1141.66666666667 50.0
108.333333333333 1158.33333333333 50.0
108.333333333333 1175.0 50.0
91.6666666666667 1191.66666666667 50.0
91.6666666666667 1208.33333333333 50.0
91.6666666666667 1225.0 50.0
91.6666666666667 1241.66666666667 50.0
91.6666666666667 1258.33333333333 50.0
91.6666666666667 1275.0 50.0
91.6666666666667 1291.66666666667 50.0
108.333333333333 1191.66666666667 50.0
108.333333333333 1208.33333333333 50.0
108.333333333333 1225.0 50.0
108.333333333333 1241.66666666667 50.0
108.333333333333 1258.33333333333 50.0
108.333333333333 1275.0 50.0
108.333333333333 1291.66666666667 50.0
91.6666666666667 1308.33333333333 50.0
91.6666666666667 1325.0 50.0
91.6666666666667 1341.66666666667 50.0
91.6666666666667 1358.33333333333 50.0
91.6666666666667 1375.0 50.0
91.6666666666667 1391.66666666667 50.0
108.333333333333 1308.33333333333 50.0
108.333333333333 1325.0 50.0
108.333333333333 1341.66666666667 50.0
108.333333333333 1358.33333333333 50.0
108.333333333333 1375.0 50.0
108.333333333333 1391.66666666667 50.0
91.6666666666667 1408.33333333333 50.0
91.6666666666667 1425.0 50.0
91.6666666666667 1441.66666666667 50.0
91.6666666666667 1458.33333333333 50.0
91.6666666666667 1475.0 50.0
91.6666666666667 1491.66666666667 50.0
108.333333333333 1408.33333333333 50.0
108.333333333333 1425.0 50.0
108.333333333333 1441.66666666667 50.0
108.333333333333 1458.33333333333 50.0
108.333333333333 1475.0 50.0
108.333333333333 1491.66666666667 50.0
125.0 1091.66666666667 50.0
125.0 1108.33333333333 50.0
125.0 1125.0 50.0
125.0 1141.66666666667 50.0
125.0 1158.33333333333 50.0
125.0 1175.0 50.0
125.0 1191.66666666667 50.0
141.666666666667 1091.66666666667 50.0
141.666666666667 1108.33333333333 50.0
141.666666666667 1125.0 50.0
141.666666666667 1141.66666666667 50.0
141.666666666667 1158.33333333333 50.0
141.666666666667 1175.0 50.0
141.666666666667 1191.66666666667 50.0
125.0 1208.33333333333 50.0
125.0 1225.0 50.0
125.0 1241.66666666667 50.0
125.0 1258.33333333333 50.0
125.0 1275.0 50.0
125.0 1291.66666666667 50.0
141.666666666667 1208.33333333333 50.0
141.666666666667 1225.0 50.0
141.666666666667 1241.66666666667 50.0
141.666666666667 1258.33333333333 50.0
141.666666666667 1275.0 50.0
141.666666666667 1291.66666666667 50.0
125.0 1308.33333333333 50.0
125.0 1325.0 50.0
125.0 1341.66666666667 50.0
125.0 1358.33333333333 50.0
125.0 1375.0 50.0
125.0 1391.66666666667 50.0
141.666666666667 1308.33333333333 50.0
141.666666666667 1325.0 50.0
141.666666666667 1341.66666666667 50.0
141.666666666667 1358.33333333333 50.0
141.666666666667 1375.0 50.0
141.666666666667 1391.66666666667 50.0
125.0 1408.33333333333 50.0
125.0 1425.0 50.0
125.0 1441.66666666667 50.0
125.0 1458.33333333333 50.0
125.0 1475.0 50.0
125.0 1491.66666666667 50.0
141.666666666667 1408.33333333333 50.0
141.666666666667 1425.0 50.0
141.666666666667 1441.66666666667 50.0
141.666666666667 1458.33333333333 50.0
141.666666666667 1475.0 50.0
141.666666666667 1491.66666666667 50.0
