1 0 1.000000 98.792712
2 0 1.000000 80.056230
4 0 1.000000 132.060592
6 0 1.000000 116.017240
7 0 1.000000 68.818602
9 0 1.000000 54.230987
10 0 1.000000 60.530984
14 0 1.000000 72.138755
15 0 1.000000 146.413797
18 0 1.000000 62.649820
20 0 1.000000 58.051701
21 0 1.000000 34.481879
22 0 1.000000 75.504967
27 0 1.000000 119.540788
28 0 1.000000 45.177428
29 0 1.000000 64.140471
30 0 1.000000 58.051701
32 0 1.000000 78.236820
33 0 1.000000 129.468143
0 1 1.000000 110.385687
1 1 1.000000 44.000000
2 1 1.000000 104.809351
5 1 1.000000 66.407831
6 1 1.000000 76.026311
9 1 1.000000 127.015747
10 1 1.000000 120.929732
13 1 1.000000 68.029405
15 1 1.000000 79.075913
18 1 1.000000 122.886126
19 1 1.000000 75.272837
20 1 1.000000 140.577381
22 1 1.000000 112.485555
23 1 1.000000 31.400637
25 1 1.000000 85.726309
26 1 1.000000 47.634021
29 1 1.000000 86.313383
32 1 1.000000 85.982556
2 2 1.000000 65.000000
4 2 1.000000 151.168780
9 2 1.000000 63.253458
10 2 1.000000 61.611687
11 2 1.000000 80.399005
14 2 1.000000 88.588938
15 2 1.000000 116.777566
16 2 1.000000 115.104301
20 2 1.000000 74.686009
22 2 1.000000 65.306967
25 2 1.000000 109.622078
28 2 1.000000 30.805844
29 2 1.000000 45.276926
30 2 1.000000 29.017236
32 2 1.000000 56.612719
3 3 1.000000 56.000000
4 3 1.000000 79.479557
9 3 1.000000 125.538839
10 3 1.000000 141.439033
12 3 1.000000 83.006024
18 3 1.000000 141.364776
22 3 1.000000 168.190368
27 3 1.000000 44.102154
0 4 1.000000 115.879247
3 4 1.000000 55.226805
4 4 1.000000 65.000000
9 4 1.000000 95.341491
12 4 1.000000 61.351447
14 4 1.000000 71.028163
16 4 1.000000 66.573268
18 4 1.000000 111.364267
20 4 1.000000 76.059187
22 4 1.000000 138.195514
24 4 1.000000 26.925824
27 4 1.000000 28.442925
32 4 1.000000 161.919733
0 5 1.000000 170.487536
1 5 1.000000 82.975900
5 5 1.000000 31.000000
8 5 1.000000 54.009258
15 5 1.000000 79.812280
17 5 1.000000 35.693137
19 5 1.000000 35.902646
23 5 1.000000 56.222771
25 5 1.000000 99.538937
26 5 1.000000 47.707442
29 5 1.000000 142.172431
30 5 1.000000 102.200783
31 5 1.000000 70.000000
1 6 1.000000 29.068884
2 6 1.000000 94.762862
5 6 1.000000 61.294372
6 6 1.000000 61.000000
7 6 1.000000 153.587109
8 6 1.000000 68.447060
9 6 1.000000 122.776219
11 6 1.000000 17.804494
13 6 1.000000 55.758407
16 6 1.000000 176.510623
19 6 1.000000 69.720872
20 6 1.000000 137.786066
25 6 1.000000 70.837843
28 6 1.000000 80.112421
30 6 1.000000 37.215588
31 6 1.000000 75.802375
33 6 1.000000 35.227830
4 7 1.000000 97.097889
6 7 1.000000 167.260276
7 7 1.000000 46.000000
9 7 1.000000 66.037868
10 7 1.000000 81.608823
12 7 1.000000 81.541401
14 7 1.000000 58.309519
16 7 1.000000 74.732858
18 7 1.000000 82.661962
20 7 1.000000 51.865210
21 7 1.000000 60.307545
23 7 1.000000 168.576392
24 7 1.000000 74.886581
27 7 1.000000 72.622311
28 7 1.000000 89.693924
29 7 1.000000 107.898100
30 7 1.000000 114.271606
32 7 1.000000 122.886126
2 8 1.000000 152.554908
5 8 1.000000 21.023796
6 8 1.000000 98.081599
8 8 1.000000 44.000000
11 8 1.000000 54.589376
15 8 1.000000 70.519501
17 8 1.000000 26.248809
19 8 1.000000 25.961510
23 8 1.000000 51.478151
28 8 1.000000 143.279447
29 8 1.000000 138.195514
33 8 1.000000 33.015148
0 9 1.000000 57.939624
1 9 1.000000 118.903322
3 9 1.000000 130.142230
9 9 1.000000 51.000000
10 9 1.000000 62.369865
12 9 1.000000 96.896852
14 9 1.000000 60.415230
16 9 1.000000 85.000000
18 9 1.000000 64.132675
20 9 1.000000 47.539457
22 9 1.000000 83.192548
24 9 1.000000 103.817147
27 9 1.000000 100.319490
28 9 1.000000 58.694122
29 9 1.000000 77.794601
0 10 1.000000 50.635956
1 10 1.000000 105.304321
2 10 1.000000 80.498447
7 10 1.000000 60.605280
9 10 1.000000 48.764741
10 10 1.000000 57.000000
12 10 1.000000 103.711137
13 10 1.000000 88.232647
14 10 1.000000 64.536811
16 10 1.000000 90.509668
18 10 1.000000 59.008474
20 10 1.000000 50.606324
21 10 1.000000 30.066593
22 10 1.000000 74.632433
23 10 1.000000 119.820699
27 10 1.000000 111.000000
28 10 1.000000 47.010637
29 10 1.000000 66.219333
30 10 1.000000 65.490457
0 11 1.000000 128.160056
1 11 1.000000 54.405882
2 11 1.000000 121.165177
5 11 1.000000 55.226805
6 11 1.000000 85.158675
8 11 1.000000 70.767224
9 11 1.000000 144.903416
11 11 1.000000 34.000000
15 11 1.000000 79.378838
17 11 1.000000 51.855569
23 11 1.000000 33.136083
25 11 1.000000 90.448881
31 11 1.000000 82.661962
32 11 1.000000 101.828287
33 11 1.000000 34.205263
3 12 1.000000 70.724819
4 12 1.000000 71.840100
9 12 1.000000 79.611557
10 12 1.000000 95.963535
12 12 1.000000 62.000000
14 12 1.000000 58.898217
22 12 1.000000 122.873919
24 12 1.000000 41.725292
27 12 1.000000 40.607881
28 12 1.000000 113.885908
1 13 1.000000 45.607017
2 13 1.000000 83.192548
5 13 1.000000 91.923882
7 13 1.000000 126.491106
8 13 1.000000 98.792712
13 13 1.000000 54.000000
16 13 1.000000 151.608047
17 13 1.000000 85.702975
20 13 1.000000 111.615411
21 13 1.000000 81.024688
22 13 1.000000 88.752465
23 13 1.000000 49.979996
25 13 1.000000 91.021975
26 13 1.000000 68.622154
28 13 1.000000 58.728187
30 13 1.000000 13.038405
31 13 1.000000 104.809351
32 13 1.000000 66.760767
33 13 1.000000 65.924199
0 14 1.000000 72.862885
1 14 1.000000 146.492321
3 14 1.000000 104.560987
4 14 1.000000 95.603347
7 14 1.000000 40.447497
9 14 1.000000 57.801384
12 14 1.000000 78.771822
14 14 1.000000 52.000000
16 14 1.000000 70.519501
18 14 1.000000 74.330344
20 14 1.000000 44.384682
21 14 1.000000 51.855569
22 14 1.000000 98.493655
24 14 1.000000 76.941536
28 14 1.000000 81.492331
29 14 1.000000 99.569072
32 14 1.000000 114.546934
2 15 1.000000 128.140548
5 15 1.000000 23.259407
6 15 1.000000 76.321688
8 15 1.000000 39.661064
11 15 1.000000 30.016662
13 15 1.000000 86.608314
15 15 1.000000 56.000000
17 15 1.000000 19.798990
19 15 1.000000 32.202484
21 15 1.000000 147.091808
23 15 1.000000 26.925824
25 15 1.000000 73.006849
26 15 1.000000 19.646883
30 15 1.000000 77.414469
31 15 1.000000 53.310412
32 15 1.000000 107.898100
33 15 1.000000 9.433981
0 16 1.000000 85.440037
3 16 1.000000 82.619610
4 16 1.000000 77.826731
7 16 1.000000 36.674242
9 16 1.000000 66.708320
10 16 1.000000 83.096330
12 16 1.000000 64.031242
14 16 1.000000 50.089919
16 16 1.000000 60.000000
18 16 1.000000 83.630138
21 16 1.000000 67.230945
27 16 1.000000 52.009614
30 16 1.000000 129.062001
1 17 1.000000 77.103826
5 17 1.000000 30.805844
8 17 1.000000 53.600373
11 17 1.000000 53.150729
13 17 1.000000 109.986363
15 17 1.000000 77.278716
17 17 1.000000 34.000000
19 17 1.000000 37.161808
25 17 1.000000 96.135321
26 17 1.000000 43.382024
28 17 1.000000 139.204885
30 17 1.000000 95.210294
31 17 1.000000 69.354164
32 17 1.000000 131.034347
33 17 1.000000 33.837849
0 18 1.000000 49.819675
7 18 1.000000 59.203040
9 18 1.000000 47.539457
10 18 1.000000 56.008928
13 18 1.000000 88.481637
15 18 1.000000 153.212271
16 18 1.000000 89.095454
18 18 1.000000 58.000000
20 18 1.000000 49.203658
21 18 1.000000 29.017236
22 18 1.000000 74.000000
23 18 1.000000 120.702113
27 18 1.000000 109.731490
28 18 1.000000 46.861498
29 18 1.000000 66.068147
30 18 1.000000 66.370174
1 19 1.000000 88.005682
5 19 1.000000 30.083218
8 19 1.000000 52.469038
11 19 1.000000 64.660653
13 19 1.000000 121.247680
15 19 1.000000 80.411442
17 19 1.000000 36.249138
19 19 1.000000 33.000000
23 19 1.000000 61.587336
25 19 1.000000 101.074230
26 19 1.000000 50.990195
31 19 1.000000 68.468971
2 20 1.000000 103.585713
3 20 1.000000 115.965512
4 20 1.000000 105.645634
7 20 1.000000 47.169906
9 20 1.000000 56.920998
10 20 1.000000 71.112587
12 20 1.000000 87.920419
14 20 1.000000 57.070132
16 20 1.000000 78.294317
18 20 1.000000 72.498276
20 20 1.000000 47.000000
24 20 1.000000 88.549421
28 20 1.000000 74.404301
29 20 1.000000 93.085982
0 21 1.000000 62.801274
1 21 1.000000 111.485425
2 21 1.000000 92.195445
4 21 1.000000 129.726636
6 21 1.000000 129.402473
7 21 1.000000 67.208630
9 21 1.000000 60.016664
10 21 1.000000 69.028979
11 21 1.000000 121.049577
12 21 1.000000 110.308658
14 21 1.000000 72.945185
16 21 1.000000 98.081599
18 21 1.000000 71.007042
20 21 1.000000 59.539903
21 21 1.000000 42.000000
22 21 1.000000 86.683332
23 21 1.000000 123.761868
24 21 1.000000 117.000000
25 21 1.000000 151.716842
26 21 1.000000 142.414887
28 21 1.000000 57.982756
29 21 1.000000 77.103826
30 21 1.000000 69.921384
32 21 1.000000 91.400219
0 22 1.000000 45.541190
1 22 1.000000 81.271151
2 22 1.000000 66.287254
6 22 1.000000 98.005102
7 22 1.000000 77.077883
10 22 1.000000 55.036352
11 22 1.000000 93.343452
14 22 1.000000 77.388630
16 22 1.000000 104.009615
17 22 1.000000 133.184083
18 22 1.000000 57.271284
20 22 1.000000 63.285069
21 22 1.000000 33.970576
22 22 1.000000 64.000000
23 22 1.000000 96.254870
24 22 1.000000 135.517527
25 22 1.000000 120.415946
27 22 1.000000 131.244047
28 22 1.000000 30.594117
29 22 1.000000 48.466483
32 22 1.000000 61.773781
33 22 1.000000 114.004386
1 23 1.000000 56.302753
6 23 1.000000 86.683332
7 23 1.000000 176.459627
9 23 1.000000 148.030402
11 23 1.000000 35.128336
13 23 1.000000 85.146932
17 23 1.000000 50.249378
19 23 1.000000 62.128898
22 23 1.000000 132.276226
23 23 1.000000 34.000000
25 23 1.000000 91.197588
26 23 1.000000 42.953463
29 23 1.000000 106.150836
31 23 1.000000 81.835200
32 23 1.000000 104.484449
3 24 1.000000 68.680419
4 24 1.000000 84.593144
7 24 1.000000 78.409183
9 24 1.000000 113.017698
10 24 1.000000 129.321305
12 24 1.000000 82.637764
18 24 1.000000 129.541499
20 24 1.000000 94.031909
24 24 1.000000 44.000000
27 24 1.000000 47.265209
