<<<<<<< HEAD
-6857 0 1.000000 0.000000
-6857 1 1.000000 0.000000
-6857 2 1.000000 0.000000
-6857 3 1.000000 0.000000
-6857 4 1.000000 0.000000
-6857 5 1.000000 0.000000
-6857 6 1.000000 0.000000
-6857 7 1.000000 0.000000
-6857 8 1.000000 0.000000
-6857 9 1.000000 0.000000
-6857 10 1.000000 0.000000
-6857 11 1.000000 0.000000
-6857 12 1.000000 0.000000
-6857 13 1.000000 0.000000
-6857 14 1.000000 0.000000
-6857 15 1.000000 0.000000
-6857 16 1.000000 0.000000
=======
0 0 1.000000 0.000000
0 1 1.000000 0.000000
0 2 1.000000 0.000000
0 3 1.000000 0.000000
0 4 1.000000 0.000000
0 5 1.000000 0.000000
0 6 1.000000 0.000000
0 7 1.000000 0.000000
0 8 1.000000 0.000000
0 9 1.000000 0.000000
0 10 1.000000 0.000000
0 11 1.000000 0.000000
0 12 1.000000 0.000000
0 13 1.000000 0.000000
0 14 1.000000 0.000000
0 15 1.000000 0.000000
0 16 1.000000 0.000000
>>>>>>> 1e2ca8a186ab9e9a53af8520a372c8f382a250c9
